47136
81459
29795
14505
106667
56974
114823
113322
93656
102328
7093
84677
32517
22966
36785
68443
96780
18644
90593
114273
28391
48650
30279
110611
69511
117978
78360
31008
63484
81281
18519
43522
34635
52074
83854
16369
96488
33667
94727
108975
13276
65823
28268
54622
29905
93856
6717
54400
52991
100992
78389
2880
24123
27087
87313
43157
36672
65483
82079
84140
76180
32093
41495
18457
106506
75624
79851
86372
107142
53294
22215
108448
77767
27646
67182
54750
93576
63872
16265
44194
16249
71378
90966
87033
6311
84624
86994
112647
29058
81681
3920
62190
77532
100225
110879
79319
51078
54453
33385
66770
25179
12540
78081
88104
75
34758
73901
106448
10671
77822
16487
115960
3869
103358
20129
114435
86277
47442
17178
90811
71212
23590
18896
23240
12539
112491
20748
19949
16184
56530
29661
13197
89101
14308
108122
54065
44320
43594
78842
106599
51635
35030
18676
9908
94728
83760
20484
53717
29641
40931
38406
87882
9436
80588
92329
13362
45072
85331
29350
74230
32146
17074
19288
96445
60312
24667
5837
60148
115955
116233
8481
102530
34051
89358
67840
32522
46643
44356
81770
9355
12883
37262
105467
20296
110009
28054
13354
106598
117794
102927
59871
36779
38660
93529
77114
27891
41512
78329
11792
58380
176
27533
112911
5148
16681
98643
6461
21284
47933
73707
910
67285
105116
48753
103429
108903
18370
82904
8992
14497
6710
37179
39863
102164
9249
23335
101894
85424
42840
11538
36599
85329
20856
12410
52978
80057
26943
77643
10844
82433
22897
115369
76521
26361
1416
25705
67287
9866
2668
66175
16641
47195
41610
12819
76957
108348
116485
13190
78046
28663
56350
38984
65070
44298
28330
27772
16901
108990
50328
65214
25231
27284
78413
20088
27428
2648
62157
34546
58448
48276
16314
55752
24500
106320
78995
28465
58644
5101
10503
88569
89833
50565
50991
19447
12541
76069
97102
89343
44260
32625
24014
95477
103423
10591
77099
36667
65416
59314
6706
103378
104708
33458
44857
65858
57749
59817
88876
30133
1694
1724
14557
18528
105241
54419
40767
28818
113422
87727
105179
56735
118420
85930
13234
36923
43401
118364
19134
62539
106729
57074
63858
29110
10008
33379
34486
118700
11411
85937
42099
116219
80142
445
79264
8237
70795
76293
9421
61119
70109
82897
62167
85146
4720
60038
18159
81932
56528
79149
29426
104564
79344
89071
104698
69915
112576
65076
7752
12536
31174
37162
68403
1639
107810
78378
105497
101901
20603
78137
103931
102188
86851
54379
81253
78896
38871
84754
36542
20561
92861
58225
95702
85622
34572
99289
71357
7442
76258
23164
7726
32618
17958
12577
22429
61970
99805
23564
59381
114774
105582
64474
99287
18415
17125
114811
72242
68419
29942
65539
108425
100840
1358
4210
95476
101923
27210
92648
89545
69940
96244
7777
107710
103029
24272
75874
77178
113923
6394
23861
1101
89109
30320
93336
18372
17974
10854
18436
77651
82078
74963
1682
45532
43803
118793
75600
84263
37627
27220
30825
113943
77508
63081
28793
58184
4025
110089
101186
45532
77548
39454
31890
81627
69912
51066
94542
6462
105301
73461
69676
5947
86192
46086
13149
99072
86299
96240
87205
118364
114868
104598
105285
52734
21089
49253
38195
107486
7470
92589
38663
82777
2915
99566
94773
77771
37706
84633
96484
105539
20753
41524
68433
112871
58061
96234
248
77065
117142
102848
64650
5134
63204
49007
70231
74559
32454
7640
6280
16510
46801
79669
55138
24060
33363
43817
14180
29338
62756
13726
114454
64290
54926
111897
77515
81396
117111
53017
69929
8840
20613
101868
20747
28284
31543
69891
67241
89053
89497
27074
97362
13447
96049
57515
31513
44034
116221
69675
116011
69272
89429
80069
33786
53055
22692
41507
1671
40174
18032
88206
50565
117468
109614
30874
114240
53609
29745
12083
77495
87638
64564
23185
91186
35334
69804
104325
82578
35501
36962
105459
106604
41398
7720
112176
33539
23164
33783
22930
18206
84712
39617
96935
63436
116725
19942
82647
69090
50611
77482
69396
65354
14129
21090
100207
91062
41565
61258
8564
58011
25529
21556
40972
31812
64108
110096
77751
18074
79565
14394
28343
28356
66826
118479
85979
58045
75237
30294
28398
28713
14817
22603
92953
115604
87614
38954
105557
4115
37179
58517
83761
84120
99812
79063
116433
13157
6166
79555
106289
3898
24463
81806
35323
97419
19155
26363
25489
54892
116431
63569
91132
68603
20484
18069
36691
77848
21064
26996
6589
76566
41684
85099
70923
106468
35297
27812
115949
105180
25394
25340
37280
85684
97868
7113
83651
37648
24899
117148
100256
18408
18135
12515
97643
30293
82622
116509
61351
55296
77438
24846
105203
77553
69088
20046
48975
43868
63427
25181
23998
29783
84732
38301
78511
96007
108885
105197
81767
32728
87896
11286
58512
64866
35564
104459
27957
27880
28392
54400
87898
53498
69303
100880
34692
27405
35842
62903
37279
4025
96246
41981
69880
108244
27432
103453
36738
108281
11864
68765
87732
23865
53834
12295
7063
40421
7772
105608
110059
28494
75202
108284
12278
6162
81775
1148
34471
24457
4383
108728
36674
27249
33530
82706
41928
65167
35706
64317
16683
6424
59923
8439
93523
1941
25602
116773
57192
106624
69527
31496
96267
93066
7645
53432
77105
77925
48283
65053
24980
116193
104708
20834
79549
24490
31931
6447
57634
20128
87241
111704
77534
31543
31810
91058
36833
23139
77990
14535
77587
44222
7103
107656
47416
29621
94310
14659
104377
7543
53836
47764
18742
37551
6964
99257
98067
47450
17269
34140
18504
29788
60120
66576
38625
28074
39596
81656
6975
38934
25235
80049
28026
49044
18494
9503
73704
89879
118724
24177
92423
26354
23524
84229
6725
100240
25252
16678
56477
114675
77466
69870
111492
5105
116452
64638
34544
25380
58019
38674
30299
38729
40038
1140
106402
116004
16282
29495
1731
79129
12367
9959
38364
11369
7567
44209
102706
104627
76815
63063
23133
18039
34546
36812
105187
57740
55130
77649
82979
78076
35439
82414
28435
20303
27194
86989
32744
6715
79062
7116
49395
10098
19335
81986
28353
106004
5122
40753
76556
96480
91231
68564
77955
44631
77550
36685
6635
61321
19410
104726
17126
49962
77185
78247
27670
59929
25781
37309
31859
68930
46701
28297
104308
38994
16661
77651
93383
6136
78339
34662
29009
116193
23865
59572
81820
115586
34242
70787
21558
103893
38676
99186
77179
19473
94780
36197
56995
23330
96028
18407
1807
84444
77412
82900
74275
70263
89760
12280
6167
14695
23518
25598
107723
106215
96538
77583
84328
25485
52749
69276
77437
21088
24084
69271
10863
31540
118292
78386
65359
81790
24284
101873
100255
53584
70006
1110
23831
118162
27796
24002
78066
44174
20350
34504
11388
51053
17961
6628
19895
114149
18034
86313
78350
84903
77578
28387
2466
64524
60138
77437
10273
60050
96140
77552
9984
96150
109299
6976
59412
84999
6653
69752
100242
78561
63815
39623
25602
19410
18219
29238
116398
3270
1126
31172
89821
57345
17274
84364
55869
65484
113865
67871
41412
1736
12232
57680
87162
7690
35304
108440
70797
66119
77542
76821
34773
30567
6478
63546
36664
100644
39625
5794
19192
109307
77516
6868
29348
107852
101162
66109
27221
12362
62308
89097
11409
61273
6527
75083
113193
64178
55202
52987
106534
34034
18395
50781
89789
36810
96267
96142
113451
99784
19331
13196
114905
1742
84621
42060
19228
106602
23850
28795
68279
77637
18136
40776
